7
34
5
35
6
4
65
75
865
68
5
3
42
35
64
3
43
523
463
1
23
42
32
42
53
63
46
43
2
43
5
543
34
34
35
365
32
35
46
64
436
46
3
46
342
532
643
34
523
632
34
523
432
532
32
532
423
235
23
2
53
235
235
325
235
235
235
35
64
24
435
6
3
43
53
63
2
4
67
64
3
21
43
7
34
5
35
6
4
65
75
865
68
5
3
42
35
64
3
43
523
463
63
46
43
2
43
5
543
34
34
35
365
32
35
46
64
436
46
3
46
342
532
643
34
523
632
34
523
432
532
32
532
34
534
65
68
97
09
7
8
65
53
32
1
3
43
53
65
75
97
65
574
86
96
35
2
4
64
7
2
4
5
6
7
8
0
53
6
4
6
3
5
6
7
8
6
4
2
1
4
5
6
7
8
7
463
53
24
42
523
432
532
32
532
423
235
23
2
53
235
235
325
235
235
235
35
64
24
435
6
3
43
53
63
2
4
67
64
3
21
43
7
34
5
35
6
4
65
75
865
68
5
3
42
35
64
3
43
523
463
63
46
43
2
43
5
543
34
34
35
365
32
35
46
64
436
46
3
46
342
532
643
34
523
632
34
523
432
532
32
532
34
534
65
68
97
09
7
8
65
53
32
1
3
43
53
65
75
97
65
574
86
96
35
2
4
64
7
2
4
5
6
7
8
0
53
6
4
6
3
5
6
7
8
6
4
2
1
4
5
6
7
8
7
463
53
24
421
23
42
32
42
53
63
46
43
2
43
5
543
34
34
35
365
32
35
46
64
436
46
3
46
342
532
643
34
523
632
34
523
432
532
32
532
423
235
23
2
53
235
235
325
235
235
235
35
64
24
435
6
3
43
53
63